87.500
87.800
88.600
88.700
89.100
89.700
90.000
90.600
91.800
92.000
92.200
92.700
92.900
93.200
93.600
93.700
94.100
94.500
94.700
94.800
95.400
95.500
95.700
95.800
96.100
96.200
97.100
97.300
97.900
98.100
98.300
98.600
98.700
99.100
99.300
99.400
99.500
99.600
100.100
100.700
101.000
101.100
101.200
101.300
101.500
101.700
101.900
102.100
102.400
102.600
103.100
103.400
103.500
103.800
104.300
104.500
104.600
104.800
105.000
105.100
105.200
105.300
105.500
105.700
105.800
106.000
106.300
106.400
106.600
106.700
107.100
107.300
107.500
107.900